name: flaml
channels:
  - conda-forge
  - defaults
dependencies:
  - asttokens=3.0.0=pyhd8ed1ab_1
  - bzip2=1.0.8=h2bbff1b_6
  - ca-certificates=2025.4.26=h4c7d964_0
  - colorama=0.4.6=pyhd8ed1ab_1
  - comm=0.2.2=pyhd8ed1ab_1
  - cpython=3.13.3=py313hd8ed1ab_101
  - debugpy=1.8.11=py313h5da7b33_0
  - decorator=5.2.1=pyhd8ed1ab_0
  - exceptiongroup=1.3.0=pyhd8ed1ab_0
  - executing=2.2.0=pyhd8ed1ab_0
  - expat=2.7.1=h8ddb27b_0
  - importlib-metadata=8.6.1=pyha770c72_0
  - ipykernel=6.29.5=pyh4bbf305_0
  - ipython=9.2.0=pyhca29cf9_0
  - ipython_pygments_lexers=1.1.1=pyhd8ed1ab_0
  - jedi=0.19.2=pyhd8ed1ab_1
  - jupyter_client=8.6.3=pyhd8ed1ab_1
  - jupyter_core=5.7.2=pyh5737063_1
  - libffi=3.4.4=hd77b12b_1
  - libmpdec=4.0.0=h827c3e9_0
  - libsodium=1.0.18=h8d14728_1
  - matplotlib-inline=0.1.7=pyhd8ed1ab_1
  - nest-asyncio=1.6.0=pyhd8ed1ab_1
  - openssl=3.1.0=hcfcfb64_3
  - packaging=25.0=pyh29332c3_1
  - parso=0.8.4=pyhd8ed1ab_1
  - pickleshare=0.7.5=pyhd8ed1ab_1004
  - pip=25.1=pyhc872135_2
  - platformdirs=4.3.8=pyhe01879c_0
  - prompt-toolkit=3.0.51=pyha770c72_0
  - psutil=5.9.0=py313h827c3e9_1
  - pure_eval=0.2.3=pyhd8ed1ab_1
  - pygments=2.19.1=pyhd8ed1ab_0
  - python=3.13.2=hadb2040_100_cp313
  - python-dateutil=2.9.0.post0=pyhff2d567_1
  - python_abi=3.13=0_cp313
  - pywin32=308=py313h5da7b33_0
  - pyzmq=26.2.0=py313h5da7b33_0
  - setuptools=78.1.1=py313haa95532_0
  - six=1.17.0=pyhd8ed1ab_0
  - sqlite=3.45.3=h2bbff1b_0
  - stack_data=0.6.3=pyhd8ed1ab_1
  - tk=8.6.14=h0416ee5_0
  - tornado=6.4.2=py313h827c3e9_0
  - traitlets=5.14.3=pyhd8ed1ab_1
  - typing_extensions=4.13.2=pyh29332c3_0
  - ucrt=10.0.22621.0=h57928b3_1
  - vc=14.42=haa95532_5
  - vs2015_runtime=14.42.34433=hbfb602d_5
  - wcwidth=0.2.13=pyhd8ed1ab_1
  - wheel=0.45.1=py313haa95532_0
  - xz=5.6.4=h4754444_1
  - zeromq=4.3.5=hd77b12b_0
  - zipp=3.21.0=pyhd8ed1ab_1
  - zlib=1.2.13=h8cc25b3_1
  - pip:
      - flaml==2.3.4
      - joblib==1.5.0
      - lightgbm==4.6.0
      - numpy==2.2.6
      - pandas==2.2.3
      - pytz==2025.2
      - scikit-learn==1.6.1
      - scipy==1.15.3
      - threadpoolctl==3.6.0
      - tzdata==2025.2
      - xgboost==2.1.4
